1546598790.75,66.0
1546599098.88,66.0
1546599403.72,66.0
1546599708.36,66.0
1546600013.52,65.0
1546600317.85,66.0
1546600632.83,68.0
1546600939.92,67.0
1546601252.66,67.0
1546601557.3,67.0
1546601864.49,66.0
1546602177.64,67.0
1546602485.04,66.0
1546602790.7,67.0
1546603095.85,67.0
1546603405.51,66.0
1546603710.87,2.0
1546604015.3,65.0
1546604324.86,66.0
1546604631.75,65.0
1546604954.62,65.0
1546605262.94,65.0
1546605570.05,66.0
1546605887.18,66.0
1546606196.03,65.0
1546606500.86,66.0
1546606806.43,66.0
1546607113.52,66.0
1546607423.07,66.0
1546607736.62,66.0
1546608041.57,66.0
1546608346.21,66.0
1546608650.95,66.0
1546608958.26,66.0
1546609262.92,66.0
1546609577.57,67.0
1546609885.29,66.0
1546610193.09,66.0
1546610497.84,67.0
1546610807.9,67.0
1546611112.34,67.0
1546611419.65,66.0
1546611726.34,67.0
1546612033.94,65.0
1546612338.99,67.0
1546612644.47,65.0
1546612949.09,65.0
1546613259.26,66.0
1546613566.87,65.0
1546613872.34,66.0
1546614176.77,65.0
1546614481.61,65.0
1546614788.81,65.0
1546615093.36,66.0
1546615398.91,65.0
1546615703.44,65.0
1546616011.15,65.0
1546616318.87,65.0
1546616627.0,65.0
1546616941.98,66.0
1546617247.64,66.0
1546617555.05,65.0
1546617862.14,65.0
1546618166.78,66.0
1546618472.75,65.0
1546618780.01,65.0
1546619087.25,65.0
1546619392.82,66.0
1546619697.56,65.0
1546620002.4,65.0
1546620315.03,66.0
1546620622.34,65.0
1546620929.74,65.0
1546621239.29,66.0
1546621547.51,65.0
1546621857.58,66.0
1546622164.88,65.0
1546622474.85,66.0
1546622780.31,66.0
1546623085.27,65.0
1546623390.51,65.0
1546623694.94,66.0
1546624003.47,65.0
1546624308.22,66.0
1546624612.86,65.0
1546624921.08,65.0
1546625236.78,65.0
1546625546.95,66.0
1546625854.15,66.0
1546626159.4,66.0
1546626464.97,66.0
1546626772.27,64.0
1546627079.98,64.0
1546627393.53,64.0
1546627698.88,64.0
1546628004.45,63.0
1546628315.65,63.0
1546628623.05,62.0
1546628927.58,63.0
1546629232.12,62.0
1546629539.42,62.0
1546629844.58,63.0
1546630149.11,62.0
1546630453.55,62.0
1546630763.31,62.0
1546631070.61,62.0
1546631378.02,62.0
1546631688.8,62.0
1546631993.55,62.0
1546632297.88,62.0
1546632605.38,62.0
1546632915.56,63.0
1546633221.42,63.0
1546633529.03,62.0
1546633837.77,62.0
1546634144.98,62.0
1546634450.42,63.0
1546634755.88,62.0
1546635060.73,62.0
1546635372.02,62.0
1546635682.51,63.0
1546635987.55,63.0
1546636294.65,62.0
1546636599.5,63.0
1546636916.21,63.0
1546637231.0,62.0
1546637538.4,62.0
1546637844.88,62.0
1546638150.76,62.0
1546638468.4,62.0
1546638773.45,62.0
1546639080.86,63.0
1546639386.41,63.0
1546639691.06,63.0
1546639995.9,65.0
1546640311.18,65.0
1546640619.0,63.0
1546640933.78,65.0
1546641244.46,65.0
1546641562.93,66.0
1546641867.67,66.0
1546642175.79,63.0
1546642483.4,63.0
1546642794.08,65.0
1546643100.25,65.0
1546643405.61,64.0
1546643710.25,64.0
1546644018.78,64.0
1546644326.19,64.0
1546644631.44,64.0
1546644936.19,64.0
1546645258.86,65.0
1546645563.9,65.0
1546645868.43,65.0
1546646175.63,65.0
1546646480.37,65.0
1546646788.21,65.0
1546647092.83,66.0
1546647397.57,66.0
1546647702.94,66.0
1546648020.48,67.0
1546648325.32,67.0
1546648635.49,67.0
1546648942.38,67.0
1546649261.57,67.0
1546649566.1,67.0
1546649871.45,67.0
1546650176.3,66.0
1546650485.97,67.0
1546650792.14,67.0
1546651099.43,66.0
1546651406.74,66.0
1546651714.35,66.0
1546652021.45,67.0
1546652327.69,67.0
1546652632.57,67.0
1546652939.87,67.0
1546653245.34,67.0
1546653555.91,68.0
1546653861.26,68.0
1546654176.14,68.0
1546654480.58,68.0
1546654785.12,67.0
1546655095.19,68.0
1546655402.18,68.0
1546655706.82,68.0
1546656013.92,68.0
1546656319.18,68.0
1546656627.92,68.0
1546656933.27,68.0
1546657238.32,68.0
1546657551.15,69.0
1546657855.89,69.0
1546658160.43,68.0
1546658466.1,68.0
1546658773.31,68.0
1546659082.64,69.0
1546659389.53,68.0
1546659695.31,69.0
1546660002.63,68.0
1546660312.16,69.0
1546660616.49,69.0
1546660924.31,68.0
1546661232.84,68.0
1546661543.22,69.0
1546661851.44,68.0
1546662161.2,69.0
1546662468.5,68.0
1546662773.14,69.0
1546663080.14,68.0
1546663386.49,68.0
1546663691.05,68.0
1546663998.25,68.0
1546664305.35,68.0
1546664610.09,69.0
1546664918.11,68.0
1546665225.41,68.0
1546665529.85,69.0
1546665837.66,68.0
1546666150.6,69.0
1546666455.65,69.0
1546666763.26,68.0
1546667068.42,69.0
1546667376.12,68.0
1546667683.02,68.0
1546667990.73,68.0
1546668297.82,68.0
1546668604.73,69.0
1546668914.27,70.0
1546669229.07,70.0
1546669534.0,70.0
1546669839.47,69.0
1546670146.66,69.0
1546670454.17,68.0
1546670761.36,69.0
1546671066.11,69.0
1546671373.41,69.0
1546671681.63,69.0
1546671999.08,70.0
1546672306.89,69.0
1546672614.29,68.0
1546672921.34,68.0
1546673226.9,69.0
1546673531.49,68.0
1546673838.89,67.0
1546674145.69,67.0
1546674450.33,67.0
1546674754.87,66.0
1546675059.61,66.0
1546675367.11,65.0
1546675676.78,66.0
1546675981.31,66.0
1546676290.97,65.0
1546676599.6,65.0
1546676909.25,64.0
1546677216.66,64.0
1546677521.3,64.0
1546677825.95,64.0
1546678130.37,64.0
1546678435.74,64.0
1546678745.8,64.0
1546679050.65,64.0
1546679360.61,63.0
1546679665.31,63.0
1546679972.55,63.0
1546680276.99,63.0
1546680582.65,63.0
1546680898.25,64.0
1546681205.75,64.0
1546681513.77,63.0
1546681821.59,64.0
1546682131.65,65.0
1546682439.37,64.0
1546682746.87,64.0
1546683058.78,65.0
1546683368.44,65.0
1546683681.48,65.0
1546683986.12,65.0
1546684295.98,65.0
1546684605.85,65.0
1546684913.25,65.0
1546685218.3,65.0
1546685525.4,65.0
1546685830.24,66.0
1546686135.39,65.0
1546686448.03,66.0
1546686755.44,64.0
1546687059.86,65.0
1546687367.98,64.0
1546687672.93,65.0
1546687977.48,64.0
1546688287.23,65.0
1546688592.17,65.0
1546688900.09,65.0
1546689206.99,65.0
1546689514.59,64.0
1546689822.73,65.0
1546690133.21,65.0
1546690441.21,64.0
1546690748.72,63.0
1546691055.72,63.0
1546691366.29,64.0
1546691673.28,63.0
1546691983.16,63.0
1546692288.1,63.0
1546692601.14,63.0
1546692908.76,62.0
1546693229.25,63.0
1546693539.83,63.0
1546693844.37,63.0
1546694158.95,63.0
1546694468.8,63.0
1546694776.27,62.0
1546695090.78,62.0
1546695401.06,62.0
1546695705.91,62.0
1546696012.9,62.0
1546696318.25,63.0
1546696623.19,62.0
1546696945.35,62.0
1546697253.06,61.0
1546697557.72,62.0
1546697865.31,62.0
1546698171.19,62.0
1546698478.55,61.0
1546698783.74,62.0
1546699089.3,62.0
1546699404.19,62.0
1546699711.17,61.0
1546700018.79,60.0
1546700324.65,60.0
1546700632.47,59.0
1546700942.55,58.0
1546701255.3,59.0
1546701563.29,57.0
1546701870.47,56.0
1546702180.03,55.0
1546702487.54,55.0
1546702792.28,55.0
1546703096.92,53.0
1546703404.53,55.0
1546703712.44,56.0
1546704017.49,56.0
1546704339.85,57.0
1546704644.5,57.0
1546704951.99,56.0
1546705257.04,58.0
1546705561.38,57.0
1546705866.53,58.0
1546706171.29,58.0
1546706479.92,59.0
1546706790.48,59.0
1546707098.11,59.0
1546707420.96,59.0
1546707726.31,59.0
1546708030.85,58.0
1546708335.39,59.0
1546708641.37,58.0
1546708946.96,58.0
1546709259.86,59.0
1546709566.96,59.0
1546709874.28,59.0
1546710181.76,58.0
1546710494.29,60.0
1546710803.84,59.0
1546711111.46,60.0
1546711421.42,60.0
1546711727.5,60.0
1546712037.66,59.0
1546712342.61,59.0
1546712649.92,59.0
1546712958.24,60.0
1546713265.65,60.0
1546713573.36,60.0
1546713879.12,61.0
1546714186.94,61.0
1546714500.69,61.0
1546714808.5,61.0
1546715119.18,61.0
1546715424.03,61.0
1546715732.15,60.0
1546716039.86,61.0
1546716349.83,61.0
1546716654.67,61.0
1546716964.53,61.0
1546717274.71,61.0
1546717582.0,61.0
1546717889.41,61.0
1546718196.71,60.0
1546718503.81,60.0
1546718814.7,60.0
1546719122.0,59.0
1546719429.6,60.0
1546719739.16,60.0
1546720046.97,60.0
1546720354.89,58.0
1546720678.17,57.0
1546720984.96,57.0
1546721290.84,57.0
1546721598.34,41.0
1546721918.66,57.0
1546722224.41,57.0
1546722529.57,57.0
1546722846.81,57.0
1546723161.78,57.0
1546723468.67,56.0
1546723778.43,56.0
1546724086.65,56.0
1546724406.65,56.0
1546724713.86,56.0
1546725022.08,56.0
1546725329.38,56.0
1546725636.27,56.0
1546725946.04,56.0
1546726251.49,56.0
1546726558.79,56.0
1546726871.63,56.0
1546727178.72,56.0
1546727488.8,56.0
1546727796.2,56.0
1546728106.37,56.0
1546728416.13,57.0
1546728723.84,56.0
1546729028.48,56.0
1546729338.34,56.0
1546729648.2,56.0
1546729960.52,56.0
1546730277.96,56.0
1546730590.6,57.0
1546730898.3,56.0
1546731203.15,57.0
1546731510.24,57.0
1546731819.91,58.0
1546732124.64,58.0
1546732436.56,58.0
1546732740.99,58.0
1546733048.39,57.0
1546733359.39,58.0
1546733666.48,58.0
1546733971.13,58.0
1546734278.94,58.0
1546734586.03,57.0
1546734893.75,58.0
1546735198.69,58.0
1546735505.69,57.0
1546735823.03,58.0
1546736132.59,58.0
1546736440.09,58.0
1546736750.16,58.0
1546737062.17,58.0
1546737373.06,58.0
1546737680.46,57.0
1546737988.07,58.0
1546738292.3,58.0
1546738602.37,58.0
1546738907.43,58.0
1546739218.0,58.0
1546739528.08,58.0
1546739846.43,58.0
1546740156.8,58.0
1546740464.22,58.0
1546740769.98,58.0
1546741090.9,58.0
1546741398.3,58.0
1546741703.66,59.0
1546742011.49,58.0
1546742321.43,59.0
1546742627.81,59.0
1546742932.87,58.0
1546743240.89,58.0
1546743545.93,59.0
1546743852.72,58.0
1546744162.38,58.0
1546744469.81,58.0
1546744777.19,58.0
1546745084.41,58.0
1546745388.93,58.0
1546745701.46,58.0
1546746008.86,58.0
1546746318.73,58.0
1546746631.27,58.0
1546746935.89,58.0
1546747240.42,58.0
1546747547.52,58.0
1546747854.42,58.0
1546748187.52,58.0
1546748492.44,58.0
1546748800.8,58.0
1546749113.33,58.0
1546749418.27,58.0
1546749729.26,58.0
1546750036.46,58.0
1546750341.41,58.0
1546750647.49,57.0
1546750957.65,57.0
1546751262.29,58.0
1546751569.28,57.0
1546751876.48,57.0
1546752184.09,57.0
1546752495.08,57.0
1546752803.0,57.0
1546753112.86,57.0
1546753417.61,58.0
1546753731.97,57.0
1546754051.77,57.0
1546754358.66,57.0
1546754663.3,57.0
1546754967.94,57.0
1546755277.6,56.0
1546755589.72,56.0
1546755894.36,56.0
1546756198.99,55.0
1546756506.29,54.0
1546756813.19,54.0
1546757127.76,54.0
1546757434.66,54.0
1546757741.76,53.0
1546758049.36,53.0
1546758353.9,54.0
1546758663.56,56.0
1546758976.59,56.0
1546759283.79,56.0
1546759588.64,57.0
1546759893.18,57.0
1546760203.24,58.0
1546760510.85,58.0
1546760818.05,56.0
1546761125.05,57.0
1546761435.63,58.0
1546761742.88,57.0
1546762052.89,58.0
1546762362.56,58.0
1546762670.47,58.0
1546762975.21,58.0
1546763280.36,57.0
1546763587.46,57.0
1546763894.77,57.0
1546764207.18,58.0
1546764512.23,58.0
1546764834.38,57.0
1546765141.17,57.0
1546765446.02,58.0
1546765756.08,58.0
1546766061.96,58.0
1546766371.71,58.0
1546766677.08,58.0
1546766982.12,58.0
1546767287.18,58.0
1546767603.28,59.0
1546767908.02,58.0
1546768223.21,59.0
1546768528.97,59.0
1546768837.2,59.0
1546769147.22,59.0
1546769452.11,59.0
1546769757.16,59.0
1546770067.33,59.0
1546770377.8,59.0
1546770682.34,59.0
1546770989.44,59.0
1546771294.08,59.0
1546771601.59,59.0
1546771906.54,60.0
1546772214.98,59.0
1546772522.78,58.0
1546772833.15,58.0
1546773143.33,58.0
1546773450.72,57.0
1546773755.47,58.0
1546774065.96,58.0
1546774371.3,58.0
1546774675.84,58.0
1546774982.93,58.0
1546775290.75,58.0
1546775596.82,58.0
1546775902.49,57.0
1546776215.45,58.0
1546776523.14,59.0
1546776831.25,59.0
1546777138.87,60.0
1546777443.99,60.0
1546777749.48,60.0
1546778058.22,62.0
1546778362.85,62.0
1546778669.95,61.0
1546778977.15,61.0
1546779284.65,61.0
1546779589.5,61.0
1546779897.52,60.0
1546780204.62,60.0
1546780509.77,61.0
1546780814.62,60.0
1546781124.68,61.0
1546781429.22,61.0
1546781737.64,61.0
1546782047.71,62.0
1546782352.56,62.0
1546782660.17,62.0
1546782964.7,62.0
1546783272.63,62.0
1546783577.48,62.0
1546783884.87,62.0
1546784189.62,62.0
1546784495.28,62.0
1546784800.22,62.0
1546785104.76,62.0
1546785411.04,62.0
1546785718.34,62.0
1546786026.05,62.0
1546786333.57,63.0
1546786637.9,63.0
1546786945.3,63.0
1546787251.17,64.0
1546787563.69,63.0
1546787870.79,63.0
1546788178.0,63.0
1546788485.19,63.0
1546788792.61,63.0
1546789101.14,63.0
1546789405.56,64.0
1546789712.76,64.0
1546790020.78,63.0
1546790325.73,64.0
1546790633.75,63.0
1546790946.34,63.0
1546791251.32,63.0
1546791559.45,63.0
1546791872.27,63.0
1546792179.37,62.0
1546792484.01,62.0
1546792791.42,61.0
1546793098.52,61.0
1546793406.45,61.0
1546793717.22,62.0
1546794029.64,62.0
1546794336.84,62.0
1546794641.7,62.0
1546794948.99,62.0
1546795130.75,62.0
1546795436.51,62.0
1546795752.93,62.0
1546796057.57,62.0
1546796367.33,61.0
1546796677.4,61.0
1546796984.7,60.0
1546797292.0,60.0
1546797609.64,60.0
1546797917.97,59.0
1546798225.07,59.0
1546798533.5,59.0
1546798837.83,59.0
1546799157.73,61.0
1546799485.61,59.0
1546799791.18,60.0
1546800098.26,59.0
1546800173.23,60.0
1546800478.27,60.0
1546800783.01,59.0
1546801087.65,59.0
1546801405.82,59.0
1546801715.88,59.0
1546802021.54,59.0
1546802329.67,60.0
1546802634.1,60.0
1546802941.71,60.0
1546803246.87,61.0
1546803552.52,60.0
1546803867.57,61.0
1546804081.01,61.0
1546804388.51,61.0
1546804696.23,61.0
1546805006.61,61.0
1546805311.75,61.0
1546805629.75,62.0
1546805939.68,61.0
1546806247.38,61.0
1546806561.65,62.0
1546806871.51,63.0
1546807176.05,63.0
1546807483.45,62.0
1546807791.27,63.0
1546808106.05,64.0
1546808410.89,64.0
1546808722.08,63.0
1546809037.08,63.0
1546809345.29,62.0
1546809652.89,62.0
1546809961.74,62.0
1546810276.63,62.0
1546810591.61,62.0
1546810909.24,62.0
1546811217.05,61.0
1546811524.67,61.0
1546811830.02,62.0
1546812137.63,61.0
1546812443.29,62.0
1546812748.97,61.0
1546813056.56,61.0
1546813368.88,62.0
1546813676.39,61.0
1546813983.7,61.0
1546814293.86,62.0
1546814601.47,60.0
1546814906.42,61.0
1546815213.72,60.0
1546815526.25,60.0
1546815833.55,59.0
1546816139.01,60.0
1546816443.65,59.0
1546816748.09,59.0
1546817052.93,59.0
1546817362.69,59.0
1546817667.13,59.0
1546817979.75,59.0
1546818284.39,59.0
1546818589.03,59.0
1546818900.74,60.0
1546819211.42,59.0
1546819519.24,59.0
1546819828.9,59.0
1546820133.64,59.0
1546820438.28,59.0
1546820743.02,58.0
1546821059.13,59.0
1546821364.08,59.0
1546821673.94,59.0
1546821981.85,58.0
1546822295.61,59.0
1546822603.22,58.0
1546822911.24,58.0
1546823216.19,59.0
1546823525.74,59.0
1546823833.55,58.0
1546824139.32,59.0
1546824443.76,58.0
1546824748.7,58.0
1546825055.9,58.0
1546825364.97,58.0
1546825674.71,59.0
1546825979.66,59.0
1546826289.62,59.0
1546826594.26,59.0
1546826902.91,58.0
1546827207.63,59.0
1546827515.04,58.0
1546827825.01,59.0
1546828132.1,58.0
1546828437.15,59.0
1546828743.95,58.0
1546829054.21,59.0
1546829362.13,58.0
1546829671.79,59.0
1546829976.55,59.0
1546830286.6,59.0
1546830591.55,59.0
1546830899.16,58.0
1546831203.9,59.0
1546831513.56,58.0
1546831818.3,59.0
1546832123.45,58.0
1546832428.71,58.0
1546832733.76,58.0
1546833038.4,58.0
1546833343.03,58.0
1546833652.8,58.0
1546833966.55,58.0
1546834278.87,58.0
1546834583.41,59.0
1546834902.89,58.0
1546835207.64,58.0
1546835513.0,58.0
1546835830.33,58.0
1546836139.99,58.0
1546836447.19,57.0
1546836757.36,58.0
1546837067.22,58.0
1546837372.07,58.0
1546837676.5,57.0
1546837989.14,58.0
1546838297.67,56.0
1546838607.32,57.0
1546838914.43,56.0
1546839224.08,58.0
1546839539.06,58.0
1546839843.8,58.0
1546840162.57,58.0
1546840469.77,56.0
1546840776.66,56.0
1546841086.22,58.0
1546841398.55,58.0
1546841703.79,58.0
1546842008.43,58.0
1546842313.07,57.0
1546842619.25,57.0
1546842924.2,57.0
1546843233.86,57.0
1546843542.08,56.0
1546843853.17,56.0
1546844157.71,56.0
1546844467.16,56.0
1546844773.13,56.0
1546845082.79,55.0
1546845400.07,55.0
1546845705.38,55.0
1546846017.7,56.0
1546846324.8,55.0
1546846637.02,58.0
1546846945.25,58.0
1546847252.64,57.0
1546847559.64,57.0
1546847874.52,56.0
1546848179.42,56.0
1546848487.21,55.0
1546848795.1,55.0
1546849100.05,55.0
1546849409.39,56.0
1546849719.47,56.0
1546850026.56,56.0
1546850332.43,56.0
1546850636.97,56.0
1546850944.37,55.0
1546851251.57,55.0
1546851564.5,55.0
1546851868.94,55.0
1546852184.03,55.0
1546852488.46,55.0
1546852801.8,55.0
1546853114.02,56.0
1546853419.18,56.0
1546853723.81,56.0
1546854036.13,57.0
1546854348.56,57.0
1546854654.12,57.0
1546854961.32,56.0
1546855269.86,56.0
1546855574.28,56.0
1546855882.0,57.0
1546856186.64,58.0
1546856497.42,57.0
1546856814.76,57.0
1546857123.19,57.0
1546857435.51,58.0
1546857750.29,57.0
1546858065.98,57.0
1546858370.52,57.0
1546858675.88,56.0
1546858996.7,56.0
1546859304.72,56.0
1546859619.8,56.0
1546859934.48,57.0
1546860244.34,57.0
1546860556.76,57.0
1546860869.41,57.0
1546861176.9,56.0
1546861481.64,57.0
1546861798.98,56.0
1546862104.33,56.0
1546862412.25,57.0
1546862717.3,57.0
1546863021.84,56.0
1546863331.8,57.0
1546863642.39,57.0
1546863950.1,56.0
1546864257.6,57.0
1546864565.43,56.0
1546864870.36,57.0
1546865178.07,56.0
1546865486.09,56.0
1546865793.4,56.0
1546866103.07,57.0
1546866408.52,57.0
1546866715.93,56.0
1546867020.76,57.0
1546867328.49,57.0
1546867633.73,57.0
1546867946.16,57.0
1546868254.17,56.0
1546868561.38,56.0
1546868866.22,57.0
1546869173.53,56.0
1546869481.13,57.0
1546869789.05,56.0
1546870093.79,56.0
1546870406.41,57.0
1546870713.62,56.0
1546871021.53,55.0
1546871328.94,56.0
1546871633.89,56.0
1546871941.91,55.0
1546872246.35,56.0
1546872554.87,55.0
1546872861.91,55.0
1546873167.32,56.0
1546873475.45,55.0
1546873796.78,57.0
1546874102.55,57.0
1546874422.65,57.0
1546874730.36,58.0
1546875042.68,59.0
1546875352.85,60.0
1546875660.26,59.0
1546875977.9,60.0
1546876285.92,59.0
1546876599.07,60.0
1546876904.92,60.0
1546877212.33,58.0
1546877519.73,58.0
1546877824.79,59.0
1546878130.04,58.0
1546878443.69,58.0
1546878748.22,58.0
1546879056.25,57.0
1546879362.42,58.0
1546879670.13,58.0
1546879978.46,57.0
1546880291.08,57.0
1546880604.43,57.0
1546880909.37,57.0
1546881214.54,57.0
1546881522.14,57.0
1546881827.1,57.0
1546882135.1,57.0
1546882445.38,57.0
1546882750.73,57.0
1546883065.82,57.0
1546883392.37,57.0
1546883699.97,57.0
1546884010.35,57.0
1546884318.06,58.0
1546884628.24,58.0
1546884932.77,58.0
1546885242.95,59.0
1546885553.32,58.0
1546885863.99,59.0
1546886176.53,59.0
1546886484.13,59.0
1546886792.45,59.0
1546887102.44,59.0
1546887410.24,59.0
1546887717.87,59.0
1546888026.07,59.0
1546888331.12,60.0
1546888641.39,59.0
1546888946.96,59.0
1546889252.74,59.0
1546889557.97,58.0
1546889865.7,59.0
1546890170.54,59.0
1546890479.16,58.0
1546890784.21,59.0
1546891094.18,59.0
1546891401.58,58.0
1546891706.42,59.0
1546892013.93,57.0
1546892322.27,58.0
1546892636.73,58.0
1546892944.77,58.0
1546893255.02,58.0
1546893562.73,58.0
1546893868.5,58.0
1546894178.46,58.0
1546894494.69,58.0
1546894802.25,57.0
1546895110.31,57.0
1546895418.52,57.0
1546895723.57,57.0
1546896036.3,57.0
1546896348.63,56.0
1546896657.06,56.0
1546896962.2,57.0
1546897276.99,55.0
1546897587.36,54.0
1546897892.52,54.0
1546898200.42,53.0
1546898513.05,53.0
1546898818.11,53.0
1546899127.34,53.0
1546899434.96,53.0
1546899745.23,53.0
1546900051.72,53.0
1546900356.66,53.0
1546900661.4,53.0
1546900985.09,54.0
1546901301.61,54.0
1546901610.04,54.0
1546901925.84,54.0
1546902238.47,54.0
1546902546.9,54.0
1546902862.31,54.0
1546903171.23,54.0
1546903484.27,54.0
1546903797.41,54.0
1546904107.77,54.0
1546904415.18,53.0
1546904720.03,54.0
1546905028.96,53.0
1546905337.2,54.0
1546905646.74,54.0
1546905957.84,54.0
1546906262.78,54.0
1546906571.62,54.0
1546906892.34,54.0
1546907196.98,54.0
1546907501.62,54.0
1546907812.4,54.0
1546908119.61,54.0
1546908424.15,54.0
1546908732.27,54.0
1546909037.0,54.0
1546909347.18,55.0
1546909657.04,55.0
1546909971.82,54.0
1546910279.94,54.0
1546910584.68,55.0
1546910893.21,54.0
1546911197.96,54.0
1546911502.7,54.0
1546911810.64,54.0
1546912118.73,54.0
1546912426.46,54.0
1546912731.29,55.0
1546913036.24,54.0
1546913340.89,54.0
1546913646.14,54.0
1546913951.39,54.0
1546914259.1,54.0
1546914578.89,55.0
1546914886.82,54.0
1546915196.44,55.0
1546915500.7,55.0
1546915810.87,55.0
1546916120.63,54.0
1546916428.65,53.0
1546916736.07,53.0
1546917043.67,53.0
1546917348.61,54.0
1546917653.46,53.0
1546917966.09,54.0
1546918271.54,54.0
1546918582.43,54.0
1546918911.13,55.0
1546919218.36,55.0
1546919525.56,54.0
1546919834.35,54.0
1546920145.38,54.0
1546920453.29,54.0
1546920758.85,54.0
1546921064.3,54.0
1546921369.87,54.0
1546921680.23,55.0
1546921992.45,54.0
1546922299.66,54.0
1546922605.12,55.0
1546922909.86,54.0
1546923222.48,54.0
1546923527.94,54.0
1546923832.48,54.0
1546924141.02,54.0
1546924446.27,54.0
1546924756.56,54.0
1546925064.27,54.0
1546925387.12,54.0
1546925694.73,54.0
1546926002.24,54.0
1546926309.64,54.0
1546926615.42,54.0
1546926927.73,55.0
1546927235.03,54.0
1546927540.28,55.0
1546927849.84,54.0
1546928157.04,53.0
1546928477.45,53.0
1546928785.67,52.0
1546929095.53,52.0
1546929400.28,52.0
1546929706.36,52.0
1546930012.02,51.0
1546930317.88,51.0
1546930632.87,51.0
1546930953.68,52.0
1546931260.99,51.0
1546931568.19,51.0
1546931875.5,51.0
1546932196.42,51.0
1546932506.1,51.0
1546932810.4,51.0
1546933121.19,53.0
1546933425.62,53.0
1546933730.47,53.0
1546934035.31,55.0
1546934343.43,56.0
1546934648.07,56.0
1546934956.0,56.0
1546935263.7,56.0
1546935568.15,56.0
1546935885.98,55.0
1546936191.24,55.0
1546936501.41,55.0
1546936806.66,55.0
1546937116.39,56.0
1546937425.98,57.0
1546937741.27,56.0
1546938046.42,56.0
1546938350.96,57.0
1546938660.82,56.0
1546938969.06,54.0
1546939279.21,55.0
1546939583.85,56.0
1546939891.06,54.0
1546940203.58,55.0
1546940508.95,55.0
1546940819.73,55.0
1546941132.45,55.0
1546941447.23,55.0
1546941754.33,55.0
1546942064.7,55.0
1546942369.13,55.0
1546942679.51,56.0
1546942989.68,56.0
1546943294.63,56.0
1546943605.0,56.0
1546943913.12,55.0
1546944222.88,55.0
1546944527.62,55.0
1546944836.98,55.0
1546945142.02,55.0
1546945450.04,55.0
1546945760.11,55.0
1546946069.98,56.0
1546946379.83,56.0
1546946687.34,55.0
1546947000.69,56.0
1546947305.22,56.0
1546947616.21,56.0
1546947926.28,56.0
1546948236.14,56.0
1546948551.54,56.0
1546948856.28,56.0
1546949160.92,55.0
1546949466.38,55.0
1546949772.04,55.0
1546950079.35,55.0
1546950384.91,56.0
1546950689.96,56.0
1546950995.73,56.0
1546951304.66,56.0
1546951609.3,56.0
1546951915.89,56.0
1546952220.94,56.0
1546952528.24,55.0
1546952841.28,56.0
1546953148.48,56.0
1546953453.01,57.0
1546953757.56,56.0
1546954065.06,53.0
1546954370.72,56.0
1546954675.67,56.0
1546954988.33,56.0
1546955300.52,56.0
1546955608.33,56.0
1546955925.97,56.0
1546956236.25,56.0
1546956543.35,56.0
1546956851.36,56.0
1546957156.0,57.0
1546957460.99,56.0
1546957765.8,56.0
1546958073.62,56.0
1546958384.71,56.0
1546958697.51,56.0
1546959002.07,56.0
1546959307.64,56.0
1546959613.91,56.0
1546959920.81,56.0
1546960230.77,56.0
1546960538.18,56.0
1546960848.55,56.0
1546961154.01,56.0
1546961458.96,55.0
1546961765.55,56.0
1546962078.8,57.0
1546962385.98,56.0
1546962696.05,57.0
1546963004.22,56.0
1546963341.58,56.0
1546963650.33,56.0
1546963960.18,56.0
1546964269.12,55.0
1546964584.31,56.0
1546964889.05,56.0
1546965193.59,56.0
1546965504.58,55.0
1546965809.21,56.0
1546966114.99,55.0
1546966420.03,55.0
1546966727.43,55.0
1546967032.71,55.0
1546967339.17,55.0
1546967646.68,55.0
1546967951.33,55.0
1546968256.19,55.0
1546968563.57,55.0
1546968868.11,55.0
1546969177.78,56.0
1546969483.53,56.0
1546969791.14,55.0
1546970106.73,56.0
1546970412.4,56.0
1546970717.14,55.0
1546971021.98,55.0
1546971329.72,55.0
1546971639.97,56.0
1546971947.47,55.0
1546972255.19,55.0
1546972562.8,56.0
1546972871.75,57.0
1546973179.04,57.0
1546973483.91,57.0
1546973791.29,56.0
1546974105.98,56.0
1546974413.57,56.0
1546974718.63,57.0
1546975028.38,56.0
1546975332.82,56.0
1546975638.28,55.0
1546975943.23,55.0
1546976255.64,53.0
1546976565.82,53.0
1546976870.97,53.0
1546977176.33,52.0
1546977484.35,52.0
1546977789.39,52.0
1546978094.44,52.0
1546978401.54,51.0
1546978709.45,52.0
1546979017.47,52.0
1546979327.23,54.0
1546979631.87,54.0
1546979938.36,53.0
1546980246.38,52.0
1546980551.63,52.0
1546980859.24,53.0
1546981171.68,52.0
1546981482.55,53.0
1546981798.15,53.0
1546982108.83,53.0
1546982413.67,53.0
1546982721.59,52.0
1546983026.54,53.0
1546983338.68,54.0
1546983647.39,53.0
1546983952.23,54.0
1546984258.02,52.0
1546984565.41,53.0
1546984872.81,54.0
1546985185.23,55.0
1546985493.76,54.0
1546985801.27,54.0
1546986108.78,54.0
1546986416.8,54.0
1546986725.02,54.0
1546987034.99,55.0
1546987340.75,55.0
1546987650.81,55.0
1546987960.58,55.0
1546988267.37,56.0
1546988574.88,55.0
1546988884.94,57.0
1546989192.86,56.0
1546989498.52,57.0
1546989810.33,56.0
1546990118.86,56.0
1546990424.37,56.0
1546990737.67,57.0
1546991050.19,58.0
1546991355.45,58.0
1546991666.33,57.0
1546991971.59,57.0
1546992276.12,56.0
1546992581.48,57.0
1546992886.43,57.0
1546993193.83,56.0
1546993498.17,57.0
1546993805.47,57.0
1546994113.18,55.0
1546994418.54,56.0
1546994723.18,56.0
1546995028.54,55.0
1546995336.47,56.0
1546995647.03,56.0
1546995954.76,56.0
1546996263.68,56.0
1546996568.33,57.0
1546996878.29,56.0
1546997186.0,55.0
1546997496.07,56.0
1546997802.04,56.0
1546998109.75,56.0
1546998414.29,57.0
1546998721.6,56.0
1546999029.2,56.0
1546999338.96,55.0
1546999644.11,55.0
1546999951.83,56.0
1547000261.89,56.0
1547000566.84,56.0
1547000871.58,55.0
1547001179.4,56.0
1547001486.9,56.0
1547001794.72,56.0
1547002099.77,57.0
1547002407.79,56.0
1547002713.25,56.0
1547003020.24,56.0
1547003325.09,56.0
1547003631.98,56.0
1547003939.28,55.0
1547004244.43,56.0
1547004548.66,55.0
1547004853.41,55.0
1547005158.46,55.0
1547005464.12,55.0
1547005773.89,56.0
1547006081.19,55.0
1547006385.52,56.0
1547006695.59,56.0
1547007000.43,56.0
1547007307.63,55.0
1547007612.78,55.0
1547007917.94,56.0
1547008227.49,56.0
1547008535.61,56.0
1547008848.34,56.0
1547009153.19,56.0
1547009460.18,55.0
1547009767.9,56.0
1547010072.84,56.0
1547010379.94,54.0
1547010685.6,55.0
1547010993.42,57.0
1547011297.97,57.0
1547011604.95,57.0
1547011919.53,57.0
1547012226.83,57.0
1547012536.8,57.0
1547012841.43,57.0
1547013146.28,57.0
1547013452.04,57.0
1547013761.8,58.0
1547014066.44,58.0
1547014373.85,59.0
1547014680.95,58.0
1547014985.89,59.0
1547015294.53,57.0
1547015599.78,58.0
1547015907.1,57.0
1547016216.95,57.0
1547016524.25,57.0
1547016829.2,57.0
1547017136.6,57.0
1547017444.31,57.0
1547017752.24,57.0
1547018056.77,58.0
1547018362.66,58.0
1547018669.94,58.0
1547018980.72,58.0
1547019288.13,58.0
1547019595.22,57.0
1547019899.66,57.0
1547020206.96,55.0
1547020511.6,56.0
1547020816.55,57.0
1547021125.29,56.0
1547021429.72,57.0
1547021737.53,56.0
1547022044.63,56.0
1547022349.57,57.0
1547022660.29,56.0
1547022970.13,57.0
1547023284.8,57.0
1547023589.44,57.0
1547023894.7,56.0
1547024202.31,55.0
1547024509.92,55.0
1547024817.11,56.0
1547025124.73,58.0
1547025432.43,59.0
1547025739.94,59.0
1547026044.88,59.0
1547026351.89,57.0
1547026660.0,59.0
1547026964.75,59.0
1547027279.73,59.0
1547027596.94,58.0
1547027901.6,58.0
1547028211.87,60.0
1547028519.38,59.0
1547028824.84,60.0
1547029145.35,57.0
1547029452.55,59.0
1547029757.6,59.0
1547030070.95,59.0
1547030375.79,59.0
1547030680.64,57.0
1547030990.71,59.0
1547031298.21,58.0
1547031613.19,58.0
1547031921.31,58.0
1547032225.65,59.0
1547032532.95,58.0
1547032845.88,58.0
1547033153.19,58.0
1547033460.9,58.0
1547033769.53,58.0
1547034079.81,57.0
1547034390.39,58.0
1547034697.99,58.0
1547035002.95,58.0
1547035310.14,58.0
1547035617.95,58.0
1547035926.18,58.0
1547036236.56,57.0
1547036541.5,57.0
1547036854.02,58.0
1547037159.69,58.0
1547037470.17,58.0
1547037790.88,57.0
1547038098.9,57.0
1547038406.31,57.0
1547038714.43,57.0
1547039021.93,58.0
1547039334.05,58.0
1547039641.15,58.0
1547039952.14,58.0
1547040266.81,57.0
1547040572.37,57.0
1547040885.41,57.0
1547041198.14,58.0
1547041511.07,58.0
1547041815.82,58.0
1547042123.53,57.0
1547042434.62,57.0
1547042741.92,57.0
1547043047.08,57.0
1547043351.71,57.0
1547043656.35,57.0
1547043960.89,57.0
1547044268.09,57.0
1547044575.19,57.0
1547044882.59,57.0
1547045189.69,57.0
1547045495.05,57.0
1547045800.4,57.0
1547046106.58,57.0
1547046414.5,57.0
1547046725.89,57.0
1547047031.15,57.0
1547047343.68,58.0
1547047651.39,57.0
1547047956.13,58.0
1547048264.66,57.0
1547048570.02,57.0
1547048880.1,58.0
1547049185.14,58.0
1547049497.76,58.0
1547049804.97,58.0
1547050109.6,59.0
1547050417.21,58.0
1547050724.72,58.0
1547051032.33,58.0
1547051340.24,58.0
1547051650.41,59.0
1547051957.82,59.0
1547052263.38,59.0
1547052571.4,58.0
1547052875.94,59.0
1547053182.21,58.0
1547053487.48,59.0
1547053792.42,58.0
1547054099.51,58.0
1547054405.9,58.0
1547054713.1,58.0
1547055020.4,58.0
1547055328.42,58.0
1547055633.37,58.0
1547055941.08,58.0
1547056246.49,58.0
1547056553.84,59.0
1547056860.83,59.0
1547057173.26,59.0
1547057478.1,59.0
1547057799.87,58.0
1547058107.76,57.0
1547058424.07,57.0
1547058731.38,56.0
1547059036.53,57.0
1547059341.58,56.0
1547059646.52,56.0
1547059952.39,56.0
1547060261.95,56.0
1547060576.62,58.0
1547060881.88,59.0
1547061186.82,56.0
1547061495.45,54.0
1547061805.01,55.0
1547062110.88,55.0
1547062416.64,54.0
1547062721.9,54.0
1547063026.64,55.0
1547063333.84,57.0
1547063642.07,58.0
1547063949.87,57.0
1547064257.59,58.0
1547064562.84,58.0
1547064875.48,58.0
1547065180.31,59.0
1547065487.23,57.0
1547065794.61,57.0
1547066102.43,58.0
1547066414.74,58.0
1547066719.28,58.0
1547067028.84,58.0
1547067333.37,58.0
1547067638.74,58.0
1547067946.44,58.0
1547068255.08,58.0
1547068562.38,58.0
1547068869.69,57.0
1547069174.42,58.0
1547069484.92,59.0
1547069792.3,57.0
1547070097.37,58.0
1547070402.1,59.0
1547070709.7,58.0
1547071015.16,58.0
1547071322.68,58.0
1547071630.39,57.0
1547071940.04,58.0
1547072247.65,57.0
1547072555.18,57.0
1547072862.46,58.0
1547073170.48,58.0
1547073477.99,58.0
1547073790.62,58.0
1547074095.47,59.0
1547074405.43,59.0
1547074718.98,58.0
1547075023.73,58.0
1547075331.14,57.0
1547075638.94,58.0
1547075950.14,58.0
1547076257.95,57.0
1547076565.27,57.0
1547076870.41,58.0
1547077175.97,57.0
1547077483.47,56.0
1547077790.67,57.0
1547078095.52,58.0
1547078400.16,57.0
1547078710.12,57.0
1547079014.97,57.0
1547079324.94,57.0
1547079630.3,57.0
1547079934.73,57.0
1547080242.13,57.0
1547080547.8,57.0
1547080852.54,57.0
1547081157.49,57.0
1547081464.69,56.0
1547081770.15,57.0
1547082079.71,56.0
1547082385.16,56.0
1547082690.62,56.0
1547082998.95,56.0
1547083303.48,56.0
1547083608.02,55.0
1547083912.76,56.0
1547084219.87,55.0
1547084524.92,55.0
1547084829.66,55.0
1547085136.75,55.0
1547085442.11,56.0
1547085749.73,55.0
1547086058.25,55.0
1547086363.1,56.0
1547086673.98,56.0
1547086981.49,55.0
1547087289.51,55.0
1547087594.97,56.0
1547087902.17,55.0
1547088210.19,55.0
1547088517.84,55.0
1547088822.33,56.0
1547089127.9,55.0
1547089432.84,55.0
1547089739.84,55.0
1547090045.31,56.0
1547090350.14,55.0
1547090654.68,55.0
1547090964.44,55.0
1547091271.86,55.0
1547091576.9,55.0
1547091882.15,55.0
1547092186.9,55.0
1547092494.51,55.0
1547092801.61,55.0
1547093109.01,55.0
1547093416.11,54.0
1547093725.97,55.0
1547094032.96,55.0
1547094337.81,56.0
1547094642.35,55.0
1547094947.09,54.0
1547095251.73,54.0
1547095556.78,54.0
1547095861.22,55.0
1547096168.73,54.0
1547096476.66,54.0
1547096782.92,55.0
1547097087.46,54.0
1547097392.52,54.0
1547097697.15,54.0
1547098003.94,54.0
1547098308.68,55.0
1547098613.12,54.0
1547098921.03,54.0
1547099228.54,54.0
1547099546.08,55.0
1547099858.1,55.0
1547100165.09,54.0
1547100469.94,55.0
1547100777.24,52.0
1547101084.34,52.0
1547101396.46,52.0
1547101702.94,53.0
1547102008.39,52.0
1547102315.59,52.0
1547102625.26,52.0
1547102937.67,54.0
1547103249.89,54.0
1547103554.53,54.0
1547103859.38,54.0
1547104169.04,54.0
1547104474.19,54.0
1547104781.69,53.0
1547105086.23,53.0
1547105393.64,52.0
1547105698.71,53.0
1547106003.33,52.0
1547106308.99,52.0
1547106614.04,52.0
1547106918.49,53.0
1547107233.66,53.0
1547107544.04,52.0
1547107857.28,53.0
1547108161.84,52.0
1547108470.75,54.0
1547108776.11,54.0
1547109083.82,54.0
1547109388.57,55.0
1547109693.11,55.0
1547110000.61,54.0
1547110313.14,54.0
1547110617.89,54.0
1547110924.78,54.0
1547111232.18,54.0
1547111539.38,54.0
1547111849.45,55.0
1547112154.9,55.0
1547112461.9,55.0
1547112769.0,55.0
1547113081.73,56.0
1547113391.7,56.0
1547113704.83,57.0
1547114011.83,56.0
